6.711078807711601257e-03
1.950816251337528229e-02
2.706483751535415649e-02
3.513245284557342529e-02
4.240576177835464478e-02
4.855221509933471680e-02
5.366894230246543884e-02
5.977519974112510681e-02
6.819668412208557129e-02
7.703973352909088135e-02
8.072501420974731445e-02
8.868459612131118774e-02
1.050980389118194580e-01
1.188461706042289734e-01
1.308275908231735229e-01
1.452190876007080078e-01
1.590110212564468384e-01
1.732519268989562988e-01
1.872205287218093872e-01
2.014123499393463135e-01
2.174844294786453247e-01
2.342099100351333618e-01
2.514885962009429932e-01
2.201305627822875977e-01
1.883833557367324829e-01
2.165387421846389771e-01
2.323362231254577637e-01
2.572984397411346436e-01
2.734335660934448242e-01
2.887524068355560303e-01
3.048714995384216309e-01
3.194042146205902100e-01
3.350389003753662109e-01
3.516015112400054932e-01
3.665340244770050049e-01
3.821466565132141113e-01
3.972504138946533203e-01
4.130827188491821289e-01
4.269782304763793945e-01
3.916566967964172363e-01
4.286430776119232178e-01
4.460936188697814941e-01
4.585453271865844727e-01
4.735346734523773193e-01
4.893999695777893066e-01
5.053119659423828125e-01
5.207807421684265137e-01
5.358512997627258301e-01
5.511614680290222168e-01
5.657865405082702637e-01
5.795691013336181641e-01
5.927562117576599121e-01
6.053976416587829590e-01
6.176171898841857910e-01
6.301512122154235840e-01
6.414952278137207031e-01
6.533547043800354004e-01
6.645491719245910645e-01
6.753737330436706543e-01
6.855637431144714355e-01
6.952080726623535156e-01
7.038531303405761719e-01
7.123977541923522949e-01
7.207550406455993652e-01
7.295652031898498535e-01
7.382609844207763672e-01
7.469732165336608887e-01
7.557542324066162109e-01
7.636172175407409668e-01
7.711641192436218262e-01
7.784488797187805176e-01
7.861816287040710449e-01
7.939699292182922363e-01
8.018482923507690430e-01
8.094950914382934570e-01
8.168671131134033203e-01
8.237132430076599121e-01
8.299480676651000977e-01
8.359707593917846680e-01
8.417935371398925781e-01
8.480730056762695312e-01
8.548015356063842773e-01
8.612804412841796875e-01
8.672150969505310059e-01
8.731003403663635254e-01
8.791347146034240723e-01
8.843491077423095703e-01
8.889148831367492676e-01
8.934166431427001953e-01
8.980016112327575684e-01
9.024343490600585938e-01
9.067062735557556152e-01
9.110553264617919922e-01
9.154617190361022949e-01
9.197929501533508301e-01
9.234963059425354004e-01
9.271559119224548340e-01
9.308873414993286133e-01
9.344550967216491699e-01
9.378751516342163086e-01
9.408762454986572266e-01
9.440288543701171875e-01
9.473733305931091309e-01
9.506537914276123047e-01
9.538783431053161621e-01
9.570567607879638672e-01
9.603909850120544434e-01
9.639108777046203613e-01
9.671384096145629883e-01
9.700142145156860352e-01
9.725253582000732422e-01
9.748960137367248535e-01
9.772015213966369629e-01
9.795807003974914551e-01
9.818046689033508301e-01
9.838495850563049316e-01
9.858466982841491699e-01
9.877972006797790527e-01
9.898306131362915039e-01
9.919540286064147949e-01
9.937419891357421875e-01
9.950876832008361816e-01
9.969186782836914062e-01
9.981697201728820801e-01
1.000000000000000000e+00
9.241704344749450684e-01
8.370143175125122070e-01
8.718773722648620605e-01
8.914467692375183105e-01
8.763002157211303711e-01
8.832056522369384766e-01
9.003114700317382812e-01
8.954426646232604980e-01
8.895376920700073242e-01
8.936493396759033203e-01
9.011914134025573730e-01
9.048386216163635254e-01
9.015924930572509766e-01
9.001865983009338379e-01
9.007036089897155762e-01
9.030921459197998047e-01
9.053356051445007324e-01
9.061354398727416992e-01
9.058980345726013184e-01
9.051853418350219727e-01
9.045465588569641113e-01
9.063287973403930664e-01
9.073259830474853516e-01
9.084484577178955078e-01
9.044618010520935059e-01
9.012679457664489746e-01
9.037539362907409668e-01
8.974205851554870605e-01
9.141912460327148438e-01
8.924086093902587891e-01
8.879679441452026367e-01
8.904860019683837891e-01
8.984591364860534668e-01
9.023624062538146973e-01
9.046262502670288086e-01
9.063181281089782715e-01
9.079229235649108887e-01
9.094883799552917480e-01
9.110167026519775391e-01
9.118998646736145020e-01
9.126080274581909180e-01
9.113645553588867188e-01
9.092686176300048828e-01
9.054762721061706543e-01
8.997044563293457031e-01
8.914968371391296387e-01
8.805852532386779785e-01
8.666836023330688477e-01
8.527927994728088379e-01
8.248327374458312988e-01
7.509050369262695312e-01
6.660298109054565430e-01
5.535835623741149902e-01
5.098433494567871094e-01
5.226600170135498047e-01
5.285726189613342285e-01
5.277711153030395508e-01
5.049154758453369141e-01
4.841829538345336914e-01
4.674637913703918457e-01
4.415051937103271484e-01
4.510085880756378174e-01
4.690330624580383301e-01
4.708177745342254639e-01
4.819830656051635742e-01
4.904271364212036133e-01
5.052393078804016113e-01
5.131977796554565430e-01
5.198178291320800781e-01
5.225540399551391602e-01
5.191568732261657715e-01
5.238862633705139160e-01
5.361385345458984375e-01
5.449786186218261719e-01
5.506846904754638672e-01
5.513452291488647461e-01
5.526715517044067383e-01
5.501243472099304199e-01
5.556946992874145508e-01
5.631290078163146973e-01
5.675550699234008789e-01
5.740253329277038574e-01
5.766843557357788086e-01
5.759131312370300293e-01
5.743210315704345703e-01
5.757374167442321777e-01
5.803552269935607910e-01
5.837768912315368652e-01
5.855824947357177734e-01
5.870325565338134766e-01
5.884131193161010742e-01
5.876590609550476074e-01
5.852339267730712891e-01
5.832217335700988770e-01
5.812286138534545898e-01
5.799427628517150879e-01
5.788479447364807129e-01
5.749851465225219727e-01
5.645415186882019043e-01
5.290870070457458496e-01
5.250091552734375000e-01
5.465836524963378906e-01
5.537496209144592285e-01
5.575406551361083984e-01
5.634034276008605957e-01
5.651298761367797852e-01
5.703958272933959961e-01
5.740274190902709961e-01
5.774902701377868652e-01
5.786147117614746094e-01
5.793590545654296875e-01
5.806750655174255371e-01
5.820096731185913086e-01
5.841152071952819824e-01
5.867881178855895996e-01
5.875357985496520996e-01
5.884157419204711914e-01
5.900576710700988770e-01
5.917791128158569336e-01
5.931130647659301758e-01
5.947878360748291016e-01
5.966379046440124512e-01
5.977621078491210938e-01
5.982702970504760742e-01
5.983521938323974609e-01
5.982635617256164551e-01
5.984463691711425781e-01
5.991587638854980469e-01
6.004865169525146484e-01
6.018341183662414551e-01
6.027293205261230469e-01
6.028022766113281250e-01
6.016667485237121582e-01
5.992364287376403809e-01
5.946391820907592773e-01
5.839658975601196289e-01
5.859390497207641602e-01
5.913310647010803223e-01
5.938205122947692871e-01
5.954542756080627441e-01
5.967337489128112793e-01
5.973747968673706055e-01
5.985957384109497070e-01
6.003776788711547852e-01
6.021196842193603516e-01
6.032119989395141602e-01
6.042359471321105957e-01
6.053577065467834473e-01
6.060293912887573242e-01
6.066604852676391602e-01
6.073877811431884766e-01
6.078295111656188965e-01
6.081076264381408691e-01
6.084362268447875977e-01
6.089364290237426758e-01
6.095196008682250977e-01
6.101784706115722656e-01
6.106209754943847656e-01
6.104668974876403809e-01
6.098479628562927246e-01
6.084137558937072754e-01
6.055513024330139160e-01
6.010128855705261230e-01
5.974738001823425293e-01
6.004479527473449707e-01
6.026358604431152344e-01
6.038902401924133301e-01
6.066747903823852539e-01
6.079782843589782715e-01
6.085151433944702148e-01
6.096023321151733398e-01
6.107381582260131836e-01
6.118133664131164551e-01
6.125748753547668457e-01
6.133365035057067871e-01
6.137691140174865723e-01
6.138714551925659180e-01
6.139732599258422852e-01
6.148700118064880371e-01
6.157670617103576660e-01
6.167163252830505371e-01
6.177178025245666504e-01
6.187196969985961914e-01
6.189116835594177246e-01
6.191037297248840332e-01
6.195418834686279297e-01
6.202263236045837402e-01
6.209108829498291016e-01
6.208364367485046387e-01
6.207619905471801758e-01
6.208990812301635742e-01
6.212470531463623047e-01
6.215949058532714844e-01
6.219882965087890625e-01
6.223818063735961914e-01
6.227644681930541992e-01
6.231364011764526367e-01
6.235082745552062988e-01
6.236597895622253418e-01
6.238113045692443848e-01
6.239987611770629883e-01
6.242221593856811523e-01
6.244456768035888672e-01
6.244702339172363281e-01
6.244947910308837891e-01
6.246258020401000977e-01
6.248632669448852539e-01
6.251008510589599609e-01
6.251153945922851562e-01
6.251084804534912109e-01
6.250735521316528320e-01
6.250103116035461426e-01
6.249470710754394531e-01
6.250695586204528809e-01
6.251694560050964355e-01
6.251481175422668457e-01
6.251075267791748047e-01
6.250665187835693359e-01
6.247845292091369629e-01
6.245025992393493652e-01
6.242693662643432617e-01
6.240850090980529785e-01
6.239005923271179199e-01
6.237546801567077637e-01
6.236088871955871582e-01
6.233720779418945312e-01
6.230441331863403320e-01
6.227163672447204590e-01
6.226966381072998047e-01
6.226789355278015137e-01
6.224879026412963867e-01
6.221235394477844238e-01
6.217592358589172363e-01
6.215111613273620605e-01
6.212632060050964355e-01
6.209735870361328125e-01
6.206423640251159668e-01
6.203112006187438965e-01
6.203554868698120117e-01
6.203997135162353516e-01
6.204477548599243164e-01
6.204994916915893555e-01
6.205511689186096191e-01
6.205372810363769531e-01
6.205233931541442871e-01
6.205980181694030762e-01
6.207610964775085449e-01
6.209242343902587891e-01
6.202618479728698730e-01
6.195042133331298828e-01
6.188668012619018555e-01
6.183496713638305664e-01
6.178328394889831543e-01
6.172085404396057129e-01
6.165845394134521484e-01
6.159915328025817871e-01
6.154304146766662598e-01
6.148695349693298340e-01
6.141474843025207520e-01
6.134259104728698730e-01
6.127402782440185547e-01
6.120907068252563477e-01
6.114414334297180176e-01
6.107665300369262695e-01
6.100918650627136230e-01
6.093852519989013672e-01
6.086464524269104004e-01
6.079081296920776367e-01
6.071550846099853516e-01
6.064024567604064941e-01
6.056553125381469727e-01
6.049137711524963379e-01
6.041725277900695801e-01
6.032886505126953125e-01
6.024051904678344727e-01
6.015683412551879883e-01
6.007779240608215332e-01
5.999879240989685059e-01
5.991950035095214844e-01
5.983784198760986328e-01
5.973821282386779785e-01
5.962066054344177246e-01
5.950320363044738770e-01
5.941762924194335938e-01
5.933212637901306152e-01
5.923183560371398926e-01
5.911681056022644043e-01
5.900188088417053223e-01
5.890609622001647949e-01
5.881038904190063477e-01
5.870143175125122070e-01
5.857924818992614746e-01
5.845717787742614746e-01
5.835565924644470215e-01
5.825423002243041992e-01
5.814746618270874023e-01
5.803539752960205078e-01
5.792341828346252441e-01
5.781376957893371582e-01
5.770422816276550293e-01
5.757926702499389648e-01
5.743891000747680664e-01
5.729869604110717773e-01
5.717090964317321777e-01
5.704325437545776367e-01
5.690264105796813965e-01
5.675030946731567383e-01
5.659815669059753418e-01
5.646905303001403809e-01
5.634022951126098633e-01
5.619423985481262207e-01
5.603090524673461914e-01
5.586777329444885254e-01
5.573902130126953125e-01
5.561034679412841797e-01
5.547052025794982910e-01
5.531954765319824219e-01
5.516877174377441406e-01
5.502650141716003418e-01
5.488440990447998047e-01
5.473648309707641602e-01
5.458275675773620605e-01
5.442921519279479980e-01
5.428261160850524902e-01
5.413617491722106934e-01
5.397811532020568848e-01
5.380845665931701660e-01
5.363902449607849121e-01
5.350170135498046875e-01
5.336455702781677246e-01
5.321007966995239258e-01
5.303833484649658203e-01
5.286682248115539551e-01
5.270712971687316895e-01
5.254336595535278320e-01
5.236804485321044922e-01
5.218120217323303223e-01
5.199462175369262695e-01
5.181701779365539551e-01
5.163968205451965332e-01
5.146219730377197266e-01
5.128453969955444336e-01
5.110718011856079102e-01
5.092040896415710449e-01
5.073356032371520996e-01
5.054378509521484375e-01
5.035111308097839355e-01
5.015876293182373047e-01
4.997010231018066406e-01
4.978176057338714600e-01
4.959100484848022461e-01
4.939783811569213867e-01
4.920502007007598877e-01
4.900546073913574219e-01
4.880626797676086426e-01
4.861182570457458496e-01
4.842214286327362061e-01
4.823277592658996582e-01
4.803987443447113037e-01
4.784733057022094727e-01
4.764732420444488525e-01
4.743991792201995850e-01
4.723287820816040039e-01
4.703262448310852051e-01
4.682500660419464111e-01
4.661768972873687744e-01
4.641065001487731934e-01
4.620403945446014404e-01
4.598414301872253418e-01
4.576471745967864990e-01
4.554899632930755615e-01
4.533698856830596924e-01
4.512541890144348145e-01
4.490731060504913330e-01
4.468965828418731689e-01
4.447256326675415039e-01
4.425601661205291748e-01
4.403994977474212646e-01
4.381966888904571533e-01
4.359987974166870117e-01
4.338033795356750488e-01
4.316107332706451416e-01
4.294227361679077148e-01
4.270845353603363037e-01
4.247517287731170654e-01
4.224970638751983643e-01
4.203203618526458740e-01
4.181483983993530273e-01
4.160315990447998047e-01
4.139193594455718994e-01
4.117565453052520752e-01
4.095261394977569580e-01
4.072537422180175781e-01
4.051916599273681641e-01
4.031344354152679443e-01
4.009574949741363525e-01
3.986618816852569580e-01
3.963717818260192871e-01
3.944081664085388184e-01
3.924489319324493408e-01
3.903873860836029053e-01
3.882238268852233887e-01
3.860655426979064941e-01
3.839925527572631836e-01
3.819246590137481689e-01
3.798682093620300293e-01
3.778233528137207031e-01
3.757838010787963867e-01
3.737852573394775391e-01
3.717916011810302734e-01
3.698447048664093018e-01
3.679445385932922363e-01
3.660487830638885498e-01
3.641455471515655518e-01
3.622466921806335449e-01
3.604224324226379395e-01
3.586721420288085938e-01
3.569259345531463623e-01
3.551012873649597168e-01
3.532437682151794434e-01
3.514397442340850830e-01
3.496891260147094727e-01
3.479426205158233643e-01
3.460411131381988525e-01
3.441443145275115967e-01
3.423441350460052490e-01
3.406399786472320557e-01
3.389399349689483643e-01
3.371721208095550537e-01
3.354087471961975098e-01
3.336804807186126709e-01
3.319873213768005371e-01
3.302981853485107422e-01
3.286000788211822510e-01
3.269063234329223633e-01
3.254085183143615723e-01
3.241057395935058594e-01
3.228056132793426514e-01
3.209612369537353516e-01
3.191216588020324707e-01
3.173739612102508545e-01
3.157174587249755859e-01
3.140651583671569824e-01
3.123899102210998535e-01
3.107082545757293701e-01
3.090995252132415771e-01
3.075633347034454346e-01
3.060309588909149170e-01
3.044991195201873779e-01
3.029710650444030762e-01
3.014164268970489502e-01
2.998351752758026123e-01
2.982580661773681641e-01
2.967383861541748047e-01
2.952226102352142334e-01
2.937092781066894531e-01
2.921985983848571777e-01
2.906917035579681396e-01
2.890697419643402100e-01
2.874521911144256592e-01
2.859315276145935059e-01
2.845072746276855469e-01
2.830865085124969482e-01
2.814599871635437012e-01
2.798379063606262207e-01
2.783198356628417969e-01
2.769050002098083496e-01
2.754938006401062012e-01
2.738871872425079346e-01
2.722851932048797607e-01
2.707074880599975586e-01
2.691536843776702881e-01
2.676041722297668457e-01
2.661181092262268066e-01
2.646360397338867188e-01
2.631529271602630615e-01
2.616686224937438965e-01
2.601885199546813965e-01
2.586666345596313477e-01
2.571491599082946777e-01
2.555678486824035645e-01
2.539233863353729248e-01
2.522837519645690918e-01
2.507218122482299805e-01
2.491644918918609619e-01
2.476777434349060059e-01
2.462612837553024292e-01
2.448487430810928345e-01
2.432225495576858521e-01
2.416013032197952271e-01
2.399935573339462280e-01
2.383991181850433350e-01
2.368096560239791870e-01
2.351515293121337891e-01
2.334987819194793701e-01
2.319082468748092651e-01
2.303811311721801758e-01
2.288629561662673950e-01
2.271625995635986328e-01
2.254675924777984619e-01
2.238404452800750732e-01
2.222812771797180176e-01
2.207324206829071045e-01
2.191043347120285034e-01
2.174815386533737183e-01
2.158867716789245605e-01
2.143199443817138672e-01
2.127580791711807251e-01
2.111411392688751221e-01
2.095214128494262695e-01
2.079476118087768555e-01
2.064196169376373291e-01
2.048965990543365479e-01
2.032358348369598389e-01
2.015829235315322876e-01
1.999944895505905151e-01
1.984597742557525635e-01
1.969302892684936523e-01
1.953386515378952026e-01
1.937559992074966431e-01
1.922285109758377075e-01
1.907492429018020630e-01
1.892748326063156128e-01
1.876659542322158813e-01
1.860625743865966797e-01
1.844967007637023926e-01
1.829814463853836060e-01
1.814792007207870483e-01
1.800370663404464722e-01
1.785996705293655396e-01
1.771465688943862915e-01
1.756567358970642090e-01
1.741389632225036621e-01
1.725881099700927734e-01
1.710630804300308228e-01
1.695941239595413208e-01
1.681703627109527588e-01
1.667471677064895630e-01
1.653119772672653198e-01
1.638818681240081787e-01
1.624725610017776489e-01
1.610751003026962280e-01
1.596828252077102661e-01
1.583172529935836792e-01
1.569892466068267822e-01
1.556102186441421509e-01
1.541755199432373047e-01
1.527458578348159790e-01
1.514095962047576904e-01
1.500779539346694946e-01
1.487666964530944824e-01
1.474756151437759399e-01
1.461891233921051025e-01
1.448804438114166260e-01
1.435764729976654053e-01
1.422880589962005615e-01
1.410152614116668701e-01
1.397469639778137207e-01
1.384757161140441895e-01
1.372091323137283325e-01
1.360164433717727661e-01
1.348972618579864502e-01
1.337819248437881470e-01
1.324942111968994141e-01
1.312112212181091309e-01
1.300556063652038574e-01
1.290263235569000244e-01
1.280006915330886841e-01
1.268493086099624634e-01
1.257022619247436523e-01
1.245903745293617249e-01
1.235135048627853394e-01
1.224405243992805481e-01
1.212823018431663513e-01
1.201283857226371765e-01
1.190136522054672241e-01
1.179376915097236633e-01
1.168658062815666199e-01
1.157848164439201355e-01
1.147079914808273315e-01
1.136216670274734497e-01
1.125261113047599792e-01
1.114347279071807861e-01
1.104236319661140442e-01
1.094164401292800903e-01
1.083638966083526611e-01
1.072664782404899597e-01
1.061733663082122803e-01
1.052168831229209900e-01
1.042640060186386108e-01
1.032992601394653320e-01
1.023098528385162354e-01
1.013241782784461975e-01
1.003231406211853027e-01
9.932592511177062988e-02
9.836564213037490845e-02
9.744210541248321533e-02
9.652192890644073486e-02
9.555290639400482178e-02
9.458750486373901367e-02
9.371284395456314087e-02
9.292817115783691406e-02
9.214631468057632446e-02
9.106131643056869507e-02
8.998070657253265381e-02
8.900588750839233398e-02
8.813613653182983398e-02
8.726964145898818970e-02
8.638686686754226685e-02
8.550754934549331665e-02
8.466651290655136108e-02
8.386359363794326782e-02
8.306366205215454102e-02
8.222254365682601929e-02
8.138462901115417480e-02
8.055406063795089722e-02
7.973071187734603882e-02
7.891058176755905151e-02
7.813777774572372437e-02
7.736797630786895752e-02
7.658967375755310059e-02
7.580304890871047974e-02
7.501946389675140381e-02
7.421145588159561157e-02
7.340661436319351196e-02
7.265212386846542358e-02
7.194751501083374023e-02
7.124560326337814331e-02
7.053440064191818237e-02
6.983613967895507812e-02
6.912971287965774536e-02
6.841525435447692871e-02
6.770341098308563232e-02
6.707680225372314453e-02
6.645247340202331543e-02
6.581904739141464233e-02
6.517662107944488525e-02
6.453647464513778687e-02
6.391597539186477661e-02
6.329768151044845581e-02
6.269571185111999512e-02
6.210992112755775452e-02
6.152624264359474182e-02
6.091305613517761230e-02
6.030214205384254456e-02
5.973288789391517639e-02
5.920501425862312317e-02
5.867906287312507629e-02
5.815383046865463257e-02
5.763047933578491211e-02
5.713763460516929626e-02
5.667515099048614502e-02
5.621419847011566162e-02
5.571554973721504211e-02
5.521869286894798279e-02
5.474896356463432312e-02
5.430611968040466309e-02
5.386483296751976013e-02
5.345091596245765686e-02
5.303844064474105835e-02
5.264066532254219055e-02
5.225742608308792114e-02
5.187547579407691956e-02
5.149741098284721375e-02
5.113005265593528748e-02
5.076756700873374939e-02
5.040796846151351929e-02
5.004952847957611084e-02
4.972348734736442566e-02
4.939841479063034058e-02
4.907249659299850464e-02
4.874620959162712097e-02
4.842097312211990356e-02
4.812645167112350464e-02
4.783280193805694580e-02
4.754684492945671082e-02
4.726856574416160583e-02
4.699106886982917786e-02
4.668251797556877136e-02
4.637494683265686035e-02
4.608369246125221252e-02
4.580856859683990479e-02
4.553426802158355713e-02
4.525245353579521179e-02
4.497150331735610962e-02
4.469542577862739563e-02
4.442414268851280212e-02
4.415368288755416870e-02
4.390015825629234314e-02
4.364739730954170227e-02
4.339252784848213196e-02
4.313559085130691528e-02
4.287942498922348022e-02
4.263718053698539734e-02
4.239559918642044067e-02
4.215548187494277954e-02
4.191682115197181702e-02
4.167887568473815918e-02
4.145544022321701050e-02
4.123479500412940979e-02
4.101458564400672913e-02
4.079481959342956543e-02
4.057563468813896179e-02
4.036211967468261719e-02
4.014917835593223572e-02
3.993239626288414001e-02
3.971176221966743469e-02
3.949175775051116943e-02
3.930789977312088013e-02
3.912448510527610779e-02
3.893483057618141174e-02
3.873896226286888123e-02
3.854360431432723999e-02
3.834397345781326294e-02
3.814490512013435364e-02
3.794888779520988464e-02
3.775592148303985596e-02
3.756347671151161194e-02
3.738264366984367371e-02
3.720224648714065552e-02
3.701798617839813232e-02
3.682990744709968567e-02
3.664234653115272522e-02
3.645622730255126953e-02
3.627060353755950928e-02
3.608775883913040161e-02
3.590769693255424500e-02
3.572807461023330688e-02
3.554076701402664185e-02
3.535396233201026917e-02
3.517144173383712769e-02
3.499313071370124817e-02
3.482312336564064026e-02
3.465671837329864502e-02
3.449071943759918213e-02
3.430765122175216675e-02
3.410761430859565735e-02
3.390816599130630493e-02
3.374821320176124573e-02
3.358866274356842041e-02
3.341866284608840942e-02
3.323832154273986816e-02
3.305847942829132080e-02
3.284750133752822876e-02
3.263716772198677063e-02
3.243456780910491943e-02
3.223964571952819824e-02
3.204532340168952942e-02
3.188319876790046692e-02
3.172149509191513062e-02
3.156511113047599792e-02
3.141401335597038269e-02
3.126328065991401672e-02
3.106998093426227570e-02
3.087728098034858704e-02
3.069018572568893433e-02
3.050862252712249756e-02
3.032760694622993469e-02
3.017674759030342102e-02
3.002627007663249969e-02
2.986244671046733856e-02
2.968536503612995148e-02
2.950877510011196136e-02
2.933871746063232422e-02
2.917208522558212280e-02
2.901609055697917938e-02
2.886675857007503510e-02
2.871782891452312469e-02
2.853189595043659210e-02
2.834654226899147034e-02
2.818511612713336945e-02
2.804742008447647095e-02
2.791010215878486633e-02
2.773208543658256531e-02
2.755464427173137665e-02
2.738330885767936707e-02
2.721806056797504425e-02
2.705331519246101379e-02
2.688881754875183105e-02
2.672483772039413452e-02
2.655837871134281158e-02
2.638942748308181763e-02
2.622103691101074219e-02
2.605705894529819489e-02
2.589361742138862610e-02
2.572426758706569672e-02
2.554905042052268982e-02
2.537444606423377991e-02
2.520258724689483643e-02
2.503135055303573608e-02
2.485668845474720001e-02
2.467866241931915283e-02
2.450128085911273956e-02
2.433296479284763336e-02
2.416522242128849030e-02
2.399168349802494049e-02
2.381239086389541626e-02
2.363729290664196014e-02
2.345312386751174927e-02
2.326964400708675385e-02
2.309105172753334045e-02
2.291732095181941986e-02
2.274421602487564087e-02
2.255411818623542786e-02
2.236475609242916107e-02
2.217529714107513428e-02
2.198571152985095978e-02
2.179686352610588074e-02
2.161876484751701355e-02
2.144135162234306335e-02
2.125148475170135498e-02
2.104923874139785767e-02
2.084783092141151428e-02
2.065154537558555603e-02
2.045608311891555786e-02
2.024779841303825378e-02
2.002682536840438843e-02
1.980680413544178009e-02
1.959751732647418976e-02
1.938910223543643951e-02
1.917104981839656830e-02
1.894344948232173920e-02
1.871688477694988251e-02
1.849263906478881836e-02
1.826939731836318970e-02
1.804138533771038055e-02
1.780866459012031555e-02
1.757696643471717834e-02
1.734419912099838257e-02
1.711248606443405151e-02
1.688015647232532501e-02
1.664914749562740326e-02
1.641914620995521545e-02
1.618641056120395660e-02
1.595470122992992401e-02
1.572548970580101013e-02
1.549869589507579803e-02
1.527287624776363373e-02
1.505229063332080841e-02
1.483267638832330704e-02
1.460809353739023209e-02
1.437860354781150818e-02
1.415012776851654053e-02
1.393172331154346466e-02
1.371426321566104889e-02
1.349532231688499451e-02
1.327487919479608536e-02
1.305538788437843323e-02
1.282887440174818039e-02
1.260333228856325150e-02
1.237926073372364044e-02
1.215766742825508118e-02
1.193696446716785431e-02
1.170661207288503647e-02
1.147722080349922180e-02
1.125256344676017761e-02
1.103257015347480774e-02
1.081350352615118027e-02
1.059481408447027206e-02
1.037705317139625549e-02
1.016328204423189163e-02
9.953438304364681244e-03
9.744493290781974792e-03
9.535131976008415222e-03
9.326694533228874207e-03
9.117108769714832306e-03
8.906410075724124908e-03
8.696636185050010681e-03
8.507318794727325439e-03
8.318812586367130280e-03
8.134769275784492493e-03
7.955162785947322845e-03
7.776367478072643280e-03
7.589437533169984818e-03
7.403346244245767593e-03
7.226773537695407867e-03
7.059669587761163712e-03
6.893300916999578476e-03
6.714317481964826584e-03
6.536148488521575928e-03
6.354304961860179901e-03
6.168786436319351196e-03
5.984131712466478348e-03
5.840652622282505035e-03
5.699072498828172684e-03
5.555250216275453568e-03
5.409178324043750763e-03
5.263728089630603790e-03
5.112414248287677765e-03
4.961767233908176422e-03
4.812115803360939026e-03
4.663375671952962875e-03
4.515206906944513321e-03
4.380146507173776627e-03
4.245672840625047684e-03
4.110082983970642090e-03
3.973408136516809464e-03
3.837373573333024979e-03
3.712688805535435677e-03
3.588565625250339508e-03
3.462751628831028938e-03
3.335409099236130714e-03
3.208721056580543518e-03
3.096833126619458199e-03
2.985443221405148506e-03
2.876510145142674446e-03
2.770006656646728516e-03
2.663988387212157249e-03
2.574133453890681267e-03
2.484833588823676109e-03
2.399830380454659462e-03
2.318955725058913231e-03
2.238436369225382805e-03
2.169056562706828117e-03
2.099986653774976730e-03
2.034561941400170326e-03
1.972764497622847557e-03
1.911239349283277988e-03
1.851943903602659702e-03
1.792905270121991634e-03
1.740754814818501472e-03
1.695444807410240173e-03
1.650337711907923222e-03
1.604326302185654640e-03
1.558518619276583195e-03
1.514381379820406437e-03
1.471908180974423885e-03
1.429620548151433468e-03
1.390753779560327530e-03
1.352249644696712494e-03
1.314516644924879074e-03
1.277531147934496403e-03
1.240703510120511055e-03
1.206583110615611076e-03
1.172608463093638420e-03
1.139538013376295567e-03
1.107327756471931934e-03
1.075239619240164757e-03
1.044973847456276417e-03
1.014844281598925591e-03
9.843962034210562706e-04
9.536353754810988903e-04
9.230122668668627739e-04
8.929899777285754681e-04
8.631399832665920258e-04
