8.438217453658580780e-03
1.160120740532875061e-01
1.901356875896453857e-01
3.011273741722106934e-01
4.328585863113403320e-01
5.382108092308044434e-01
6.007780432701110840e-01
7.185379862785339355e-01
9.004949331283569336e-01
1.109103798866271973e+00
1.024537801742553711e+00
1.110028147697448730e+00
1.661010026931762695e+00
2.102889776229858398e+00
2.430725812911987305e+00
2.888722658157348633e+00
3.344518899917602539e+00
3.835523843765258789e+00
4.332750797271728516e+00
4.904882431030273438e+00
5.550786972045898438e+00
6.248184680938720703e+00
6.967891216278076172e+00
5.485164165496826172e+00
3.639653444290161133e+00
4.692606925964355469e+00
5.470236301422119141e+00
6.024261951446533203e+00
5.996724605560302734e+00
7.386111736297607422e+00
8.166038513183593750e+00
8.917052268981933594e+00
9.727335929870605469e+00
1.057695960998535156e+01
1.140203380584716797e+01
1.233011150360107422e+01
1.329322719573974609e+01
1.427094364166259766e+01
1.519405746459960938e+01
1.520468235015869141e+01
1.669223594665527344e+01
1.778112602233886719e+01
1.876435279846191406e+01
1.979226112365722656e+01
2.089686393737792969e+01
2.188746070861816406e+01
2.284879112243652344e+01
2.388098335266113281e+01
2.507549095153808594e+01
2.611786460876464844e+01
2.720443153381347656e+01
2.830472183227539062e+01
2.929495429992675781e+01
3.021285438537597656e+01
3.124889183044433594e+01
3.214464187622070312e+01
3.295468139648437500e+01
3.387848663330078125e+01
3.478635406494140625e+01
3.562575531005859375e+01
3.641673660278320312e+01
3.712422180175781250e+01
3.778115844726562500e+01
3.842005538940429688e+01
3.904973220825195312e+01
3.964652252197265625e+01
4.020648956298828125e+01
4.071745300292968750e+01
4.113536834716796875e+01
4.153955841064453125e+01
4.191769027709960938e+01
4.229481887817382812e+01
4.262303161621093750e+01
4.294884490966796875e+01
4.322537994384765625e+01
4.347404479980468750e+01
4.368677520751953125e+01
4.382556915283203125e+01
4.388565444946289062e+01
4.393926620483398438e+01
4.400772094726562500e+01
4.393836975097656250e+01
4.380753707885742188e+01
4.373616027832031250e+01
4.362919616699218750e+01
4.350431060791015625e+01
4.340498352050781250e+01
4.327176666259765625e+01
4.307975006103515625e+01
4.286974716186523438e+01
4.258769607543945312e+01
4.226515960693359375e+01
4.198958969116210938e+01
4.186087036132812500e+01
4.176760101318359375e+01
4.152780914306640625e+01
4.122426605224609375e+01
4.096065521240234375e+01
4.076130676269531250e+01
4.059667205810546875e+01
4.034114074707031250e+01
4.007109069824218750e+01
3.993198394775390625e+01
3.987643814086914062e+01
3.970837402343750000e+01
3.948846435546875000e+01
3.945653533935546875e+01
3.941977310180664062e+01
3.928731155395507812e+01
3.923417282104492188e+01
3.914658355712890625e+01
3.905120468139648438e+01
3.904254913330078125e+01
3.908224487304687500e+01
3.903862762451171875e+01
3.905011367797851562e+01
3.917648696899414062e+01
3.933168411254882812e+01
3.946136856079101562e+01
3.953148269653320312e+01
3.970280456542968750e+01
3.999256515502929688e+01
4.043235015869140625e+01
4.095399856567382812e+01
4.154414749145507812e+01
3.888153457641601562e+01
3.562211990356445312e+01
3.749575805664062500e+01
3.876225280761718750e+01
3.853784561157226562e+01
3.932778930664062500e+01
4.058645629882812500e+01
4.098360061645507812e+01
4.144581985473632812e+01
4.240259933471679688e+01
4.358173370361328125e+01
4.467924880981445312e+01
4.549242019653320312e+01
4.634895706176757812e+01
4.724498367309570312e+01
4.838086318969726562e+01
4.965673828125000000e+01
5.089610290527343750e+01
5.206673431396484375e+01
5.324812316894531250e+01
5.446547698974609375e+01
5.585248947143554688e+01
5.729780960083007812e+01
5.878031921386718750e+01
5.990687942504882812e+01
6.115933990478515625e+01
6.282328796386718750e+01
6.394577026367187500e+01
6.683010864257812500e+01
6.705477905273437500e+01
6.870439910888671875e+01
7.085563659667968750e+01
7.345806121826171875e+01
7.571337127685546875e+01
7.776409149169921875e+01
7.985135650634765625e+01
8.197570800781250000e+01
8.417753601074218750e+01
8.641709899902343750e+01
8.865608978271484375e+01
9.091847229003906250e+01
9.305747985839843750e+01
9.518885040283203125e+01
9.713672637939453125e+01
9.886116027832031250e+01
1.002890243530273438e+02
1.014150695800781250e+02
1.022916564941406250e+02
1.031918869018554688e+02
1.021529006958007812e+02
9.463674163818359375e+01
8.532357025146484375e+01
7.173948669433593750e+01
6.754953002929687500e+01
7.147984313964843750e+01
7.449588012695312500e+01
7.662862396240234375e+01
7.534764862060546875e+01
7.439108276367187500e+01
7.399916076660156250e+01
7.204681396484375000e+01
7.640243530273437500e+01
8.275512695312500000e+01
8.652898406982421875e+01
9.283467102050781250e+01
9.969180297851562500e+01
1.079001159667968750e+02
1.118612518310546875e+02
1.109398269653320312e+02
9.972340393066406250e+01
8.942893981933593750e+01
8.757637023925781250e+01
8.729827117919921875e+01
8.540287017822265625e+01
8.692307281494140625e+01
8.831141662597656250e+01
8.942887878417968750e+01
8.618674468994140625e+01
7.930837249755859375e+01
7.647122955322265625e+01
7.465264892578125000e+01
7.424100494384765625e+01
7.169610595703125000e+01
7.148089599609375000e+01
7.037155151367187500e+01
6.958345031738281250e+01
6.934925079345703125e+01
6.897585296630859375e+01
6.922486114501953125e+01
6.942787933349609375e+01
6.919441223144531250e+01
6.846443939208984375e+01
6.807771301269531250e+01
6.736517333984375000e+01
6.690961456298828125e+01
6.681388854980468750e+01
6.686396026611328125e+01
6.644763183593750000e+01
6.507490539550781250e+01
6.040847396850585938e+01
5.992074203491210938e+01
6.264299011230468750e+01
6.367550277709960938e+01
6.441324615478515625e+01
6.547100830078125000e+01
6.594393920898437500e+01
6.663535308837890625e+01
6.724752044677734375e+01
6.917706298828125000e+01
6.921205902099609375e+01
6.906550598144531250e+01
6.929925537109375000e+01
6.979608154296875000e+01
7.046206665039062500e+01
7.121514129638671875e+01
7.172055053710937500e+01
7.252703094482421875e+01
7.374668884277343750e+01
7.537330627441406250e+01
7.547144317626953125e+01
7.201235198974609375e+01
7.145683288574218750e+01
7.010403442382812500e+01
7.024312591552734375e+01
6.953898620605468750e+01
6.944342041015625000e+01
6.950854492187500000e+01
6.966001129150390625e+01
6.978563690185546875e+01
6.997289276123046875e+01
7.022616577148437500e+01
7.042479705810546875e+01
7.047010040283203125e+01
7.027409362792968750e+01
6.978813934326171875e+01
6.857221984863281250e+01
6.896133422851562500e+01
6.976802062988281250e+01
7.030113983154296875e+01
7.077409362792968750e+01
7.119940185546875000e+01
7.153711700439453125e+01
7.189649963378906250e+01
7.232832336425781250e+01
7.281716156005859375e+01
7.328851318359375000e+01
7.375133514404296875e+01
7.422711181640625000e+01
7.463690948486328125e+01
7.502233886718750000e+01
7.543273162841796875e+01
7.581671142578125000e+01
7.623652648925781250e+01
7.670637512207031250e+01
7.720001220703125000e+01
7.773825073242187500e+01
7.828761291503906250e+01
7.880764770507812500e+01
7.932945251464843750e+01
7.984362792968750000e+01
7.923986816406250000e+01
7.835811614990234375e+01
7.750978851318359375e+01
7.694903564453125000e+01
7.743910217285156250e+01
7.777547454833984375e+01
7.815930938720703125e+01
7.886896514892578125e+01
7.930780792236328125e+01
7.962957000732421875e+01
8.002283477783203125e+01
8.049864959716796875e+01
8.098280334472656250e+01
8.142192840576171875e+01
8.186168670654296875e+01
8.225441741943359375e+01
8.260505676269531250e+01
8.295549011230468750e+01
8.344573974609375000e+01
8.397855377197265625e+01
8.451968383789062500e+01
8.506923675537109375e+01
8.561991882324218750e+01
8.605027008056640625e+01
8.655223083496093750e+01
8.721020507812500000e+01
8.774631500244140625e+01
8.812102508544921875e+01
8.764784240722656250e+01
8.733266448974609375e+01
8.750600433349609375e+01
8.769886779785156250e+01
8.799180603027343750e+01
8.839116668701171875e+01
8.879126739501953125e+01
8.919430541992187500e+01
8.959573364257812500e+01
8.999810791015625000e+01
9.038024139404296875e+01
9.076227569580078125e+01
9.114898681640625000e+01
9.154043579101562500e+01
9.193187713623046875e+01
9.229358673095703125e+01
9.267495727539062500e+01
9.309854125976562500e+01
9.353881835937500000e+01
9.397914123535156250e+01
9.438208770751953125e+01
9.478266143798828125e+01
9.517835235595703125e+01
9.556911468505859375e+01
9.596383666992187500e+01
9.639540863037109375e+01
9.682337951660156250e+01
9.723211669921875000e+01
9.763734436035156250e+01
9.804219055175781250e+01
9.840595245361328125e+01
9.876905822753906250e+01
9.915744781494140625e+01
9.956215667724609375e+01
9.996630096435546875e+01
1.003767547607421875e+02
1.007866744995117188e+02
1.011806030273437500e+02
1.015635223388671875e+02
1.019456939697265625e+02
1.023800201416015625e+02
1.028144760131835938e+02
1.032230682373046875e+02
1.036023254394531250e+02
1.039807815551757812e+02
1.043784637451171875e+02
1.047755432128906250e+02
1.051638717651367188e+02
1.055472183227539062e+02
1.059456405639648438e+02
1.064131393432617188e+02
1.068804550170898438e+02
1.073479766845703125e+02
1.078156967163085938e+02
1.082822570800781250e+02
1.087323684692382812e+02
1.091822204589843750e+02
1.096485900878906250e+02
1.101316299438476562e+02
1.106146926879882812e+02
1.109424514770507812e+02
1.112519226074218750e+02
1.115812530517578125e+02
1.119308166503906250e+02
1.122793350219726562e+02
1.126070556640625000e+02
1.129401016235351562e+02
1.132943649291992188e+02
1.136544189453125000e+02
1.140133743286132812e+02
1.143364486694335938e+02
1.146581878662109375e+02
1.149853134155273438e+02
1.153080062866210938e+02
1.156225280761718750e+02
1.159317169189453125e+02
1.162397232055664062e+02
1.165400314331054688e+02
1.168326034545898438e+02
1.171238784790039062e+02
1.174138183593750000e+02
1.177024459838867188e+02
1.179863204956054688e+02
1.182654266357421875e+02
1.185432739257812500e+02
1.187942810058593750e+02
1.190438232421875000e+02
1.193007431030273438e+02
1.195739440917968750e+02
1.198466262817382812e+02
1.201297378540039062e+02
1.204066696166992188e+02
1.206428985595703125e+02
1.208380203247070312e+02
1.210313949584960938e+02
1.212938919067382812e+02
1.215550613403320312e+02
1.217813491821289062e+02
1.219626693725585938e+02
1.221382064819335938e+02
1.223549575805664062e+02
1.225703582763671875e+02
1.227533798217773438e+02
1.229038467407226562e+02
1.230526046752929688e+02
1.232458724975585938e+02
1.234376907348632812e+02
1.236151885986328125e+02
1.237782974243164062e+02
1.239398422241210938e+02
1.241050109863281250e+02
1.242686538696289062e+02
1.243948135375976562e+02
1.244832229614257812e+02
1.245697250366210938e+02
1.246819381713867188e+02
1.247924194335937500e+02
1.248713989257812500e+02
1.249213714599609375e+02
1.249693984985351562e+02
1.250677413940429688e+02
1.251647262573242188e+02
1.252196884155273438e+02
1.252317199707031250e+02
1.252275390625000000e+02
1.252922363281250000e+02
1.253553466796875000e+02
1.253892669677734375e+02
1.253939056396484375e+02
1.253968276977539062e+02
1.254174270629882812e+02
1.254364089965820312e+02
1.254386901855468750e+02
1.254242172241210938e+02
1.254080047607421875e+02
1.254073715209960938e+02
1.254050979614257812e+02
1.253708953857421875e+02
1.253236160278320312e+02
1.252744750976562500e+02
1.253024978637695312e+02
1.253290023803710938e+02
1.253098144531250000e+02
1.252446975708007812e+02
1.251777038574218750e+02
1.251385955810546875e+02
1.250875244140625000e+02
1.250037994384765625e+02
1.248872222900390625e+02
1.247687454223632812e+02
1.246699676513671875e+02
1.245693969726562500e+02
1.244661331176757812e+02
1.243588104248046875e+02
1.242494735717773438e+02
1.241125106811523438e+02
1.239731674194335938e+02
1.238234176635742188e+02
1.236632461547851562e+02
1.235012664794921875e+02
1.233441390991210938e+02
1.231852188110351562e+02
1.230001296997070312e+02
1.228023376464843750e+02
1.226028900146484375e+02
1.223810653686523438e+02
1.221575698852539062e+02
1.219432754516601562e+02
1.217381896972656250e+02
1.215315170288085938e+02
1.213131179809570312e+02
1.210931396484375000e+02
1.208505172729492188e+02
1.205851745605468750e+02
1.203181381225585938e+02
1.200648880004882812e+02
1.197902832031250000e+02
1.195144424438476562e+02
1.192373275756835938e+02
1.189587020874023438e+02
1.186381149291992188e+02
1.182892608642578125e+02
1.179059906005859375e+02
1.175314636230468750e+02
1.171313781738281250e+02
1.167081451416015625e+02
1.162842712402343750e+02
1.159072113037109375e+02
1.155916290283203125e+02
1.152745208740234375e+02
1.149408340454101562e+02
1.146056213378906250e+02
1.142688293457031250e+02
1.139305267333984375e+02
1.135906600952148438e+02
1.132055511474609375e+02
1.128188629150390625e+02
1.124388198852539062e+02
1.120784759521484375e+02
1.117167663574218750e+02
1.113662948608398438e+02
1.110145416259765625e+02
1.106469268798828125e+02
1.102587661743164062e+02
1.098566207885742188e+02
1.095099945068359375e+02
1.091622314453125000e+02
1.087799682617187500e+02
1.083631591796875000e+02
1.079450531005859375e+02
1.076167678833007812e+02
1.072873535156250000e+02
1.069270019531250000e+02
1.065356826782226562e+02
1.061431732177734375e+02
1.057733154296875000e+02
1.054023208618164062e+02
1.050327224731445312e+02
1.046644744873046875e+02
1.042952041625976562e+02
1.039377670288085938e+02
1.035791702270507812e+02
1.032323989868164062e+02
1.028974914550781250e+02
1.025614471435546875e+02
1.022115554809570312e+02
1.018544235229492188e+02
1.015187454223632812e+02
1.012045135498046875e+02
1.008893585205078125e+02
1.005499725341796875e+02
1.001991195678710938e+02
9.986291503906250000e+01
9.954141235351562500e+01
9.921903991699218750e+01
9.885136413574218750e+01
9.848278808593750000e+01
9.814195251464843750e+01
9.779483795166015625e+01
9.744715118408203125e+01
9.707888031005859375e+01
9.671005249023437500e+01
9.635038757324218750e+01
9.599990081787109375e+01
9.564887237548828125e+01
9.529423522949218750e+01
9.493910980224609375e+01
9.464259338378906250e+01
9.440474700927734375e+01
9.416638183593750000e+01
9.376317596435546875e+01
9.335948181152343750e+01
9.298306274414062500e+01
9.263384246826171875e+01
9.228414916992187500e+01
9.192729187011718750e+01
9.141048431396484375e+01
9.105430603027343750e+01
9.071945953369140625e+01
9.038433837890625000e+01
9.004722595214843750e+01
8.970984649658203125e+01
8.936370086669921875e+01
8.900875091552734375e+01
8.865361022949218750e+01
8.831601715087890625e+01
8.797822570800781250e+01
8.763935089111328125e+01
8.729948425292968750e+01
8.695938110351562500e+01
8.658452606201171875e+01
8.620952606201171875e+01
8.586245727539062500e+01
8.554330444335937500e+01
8.522393798828125000e+01
8.483904266357421875e+01
8.445404052734375000e+01
8.410067749023437500e+01
8.377890777587890625e+01
8.345699310302734375e+01
8.307157897949218750e+01
8.268613433837890625e+01
8.230743408203125000e+01
8.193537139892578125e+01
8.156323242187500000e+01
8.121022796630859375e+01
8.085711669921875000e+01
8.050136566162109375e+01
8.014923095703125000e+01
7.979474639892578125e+01
7.941603851318359375e+01
7.903745269775390625e+01
7.863813018798828125e+01
7.821817016601562500e+01
7.779835510253906250e+01
7.740148925781250000e+01
7.700477600097656250e+01
7.662856292724609375e+01
7.627287292480468750e+01
7.591725921630859375e+01
7.549210357666015625e+01
7.506713867187500000e+01
7.464527130126953125e+01
7.422647857666015625e+01
7.380791473388671875e+01
7.336444091796875000e+01
7.292125701904296875e+01
7.249551391601562500e+01
7.208763885498046875e+01
7.168168640136718750e+01
7.122399139404296875e+01
7.076650238037109375e+01
7.032959747314453125e+01
6.991345977783203125e+01
6.949921417236328125e+01
6.905760192871093750e+01
6.861623382568359375e+01
6.818250274658203125e+01
6.775638580322265625e+01
6.731970977783203125e+01
6.685290527343750000e+01
6.638410949707031250e+01
6.592948913574218750e+01
6.548901367187500000e+01
6.505268859863281250e+01
6.457312011718750000e+01
6.409478759765625000e+01
6.363665008544921875e+01
6.319532012939453125e+01
6.275450897216796875e+01
6.229240417480468750e+01
6.183197021484375000e+01
6.138898468017578125e+01
6.096125793457031250e+01
6.053400039672851562e+01
6.006257629394531250e+01
5.957963180541992188e+01
5.910433197021484375e+01
5.862293624877929688e+01
5.814522933959960938e+01
5.768686676025390625e+01
5.722840118408203125e+01
5.676367568969726562e+01
5.628664016723632812e+01
5.580014038085937500e+01
5.530341720581054688e+01
5.481443786621093750e+01
5.434453964233398438e+01
5.389022445678710938e+01
5.343552780151367188e+01
5.297786331176757812e+01
5.253648757934570312e+01
5.211145019531250000e+01
5.168976974487304688e+01
5.126877212524414062e+01
5.085314178466796875e+01
5.042762756347656250e+01
4.998714065551757812e+01
4.953007888793945312e+01
4.907399749755859375e+01
4.864742660522460938e+01
4.822186660766601562e+01
4.780637741088867188e+01
4.739833831787109375e+01
4.699116134643554688e+01
4.657710266113281250e+01
4.616394805908203125e+01
4.575700378417968750e+01
4.535627365112304688e+01
4.495637130737304688e+01
4.455745697021484375e+01
4.415940475463867188e+01
4.378588867187500000e+01
4.343680953979492188e+01
4.308842849731445312e+01
4.268705368041992188e+01
4.228656768798828125e+01
4.192570877075195312e+01
4.160427093505859375e+01
4.128353500366210938e+01
4.092581939697265625e+01
4.056893539428710938e+01
4.022358703613281250e+01
3.988974761962890625e+01
3.955665206909179688e+01
3.919823837280273438e+01
3.884067916870117188e+01
3.849523162841796875e+01
3.818460083007812500e+01
3.787443161010742188e+01
3.756320571899414062e+01
3.725244522094726562e+01
3.693776702880859375e+01
3.661923599243164062e+01
3.630117797851562500e+01
3.601128387451171875e+01
3.571920013427734375e+01
3.541038131713867188e+01
3.508623504638671875e+01
3.476264572143554688e+01
3.448439407348632812e+01
3.420657730102539062e+01
3.392427062988281250e+01
3.363323974609375000e+01
3.334268188476562500e+01
3.304764938354492188e+01
3.275310897827148438e+01
3.246993637084960938e+01
3.219813156127929688e+01
3.192672157287597656e+01
3.163936996459960938e+01
3.135246658325195312e+01
3.109461593627929688e+01
3.086567878723144531e+01
3.063709068298339844e+01
3.031013298034667969e+01
2.998377227783203125e+01
2.969075775146484375e+01
2.943099975585937500e+01
2.917167663574218750e+01
2.890920257568359375e+01
2.864718627929687500e+01
2.839692115783691406e+01
2.815804862976074219e+01
2.791722869873046875e+01
2.766277694702148438e+01
2.740880203247070312e+01
2.715693092346191406e+01
2.690711593627929688e+01
2.665779304504394531e+01
2.642418861389160156e+01
2.619103050231933594e+01
2.595474052429199219e+01
2.571534538269042969e+01
2.547640037536621094e+01
2.522877693176269531e+01
2.498163795471191406e+01
2.475106811523437500e+01
2.453267288208007812e+01
2.431473350524902344e+01
2.409348487854003906e+01
2.387617301940917969e+01
2.365565872192382812e+01
2.343197250366210938e+01
2.320869827270507812e+01
2.301430320739746094e+01
2.282026290893554688e+01
2.262298965454101562e+01
2.242246818542480469e+01
2.222223281860351562e+01
2.202840995788574219e+01
2.183486557006835938e+01
2.164642143249511719e+01
2.146304321289062500e+01
2.127993965148925781e+01
2.108570098876953125e+01
2.089040756225585938e+01
2.070960235595703125e+01
2.054320907592773438e+01
2.037706375122070312e+01
2.021082496643066406e+01
2.004483032226562500e+01
1.988907051086425781e+01
1.974351692199707031e+01
1.959813880920410156e+01
1.943952560424804688e+01
1.928116035461425781e+01
1.913230514526367188e+01
1.899290657043457031e+01
1.885371017456054688e+01
1.872399330139160156e+01
1.859445762634277344e+01
1.846982002258300781e+01
1.835004234313964844e+01
1.823041725158691406e+01
1.811206817626953125e+01
1.799719619750976562e+01
1.788400840759277344e+01
1.777181816101074219e+01
1.765978813171386719e+01
1.755898284912109375e+01
1.745829963684082031e+01
1.735717201232910156e+01
1.725579833984375000e+01
1.715456962585449219e+01
1.706414222717285156e+01
1.697381973266601562e+01
1.688613700866699219e+01
1.679154777526855469e+01
1.669716072082519531e+01
1.659175300598144531e+01
1.648552131652832031e+01
1.638475418090820312e+01
1.628972244262695312e+01
1.619491767883300781e+01
1.609756088256835938e+01
1.600044631958007812e+01
1.590506362915039062e+01
1.581139373779296875e+01
1.571795368194580078e+01
1.563062572479248047e+01
1.554350662231445312e+01
1.545563888549804688e+01
1.536702919006347656e+01
1.527863979339599609e+01
1.519525432586669922e+01
1.511204910278320312e+01
1.502934646606445312e+01
1.494714355468750000e+01
1.486514186859130859e+01
1.478828811645507812e+01
1.471237754821777344e+01
1.463661766052246094e+01
1.456101703643798828e+01
1.448557472229003906e+01
1.441216945648193359e+01
1.433892250061035156e+01
1.426422595977783203e+01
1.418808841705322266e+01
1.411213874816894531e+01
1.404911804199218750e+01
1.398622322082519531e+01
1.392106151580810547e+01
1.385348701477050781e+01
1.378537654876708984e+01
1.371573638916015625e+01
1.364626789093017578e+01
1.357781124114990234e+01
1.351038265228271484e+01
1.344312572479248047e+01
1.337997341156005859e+01
1.331696414947509766e+01
1.325256252288818359e+01
1.318678188323974609e+01
1.312116718292236328e+01
1.305602359771728516e+01
1.299103832244873047e+01
1.292696762084960938e+01
1.287518310546875000e+01
1.282344150543212891e+01
1.276881790161132812e+01
1.271425628662109375e+01
1.266109561920166016e+01
1.260932350158691406e+01
1.256042861938476562e+01
1.251273345947265625e+01
1.246456432342529297e+01
1.240990257263183594e+01
1.234893512725830078e+01
1.228805065155029297e+01
1.224140739440917969e+01
1.219480609893798828e+01
1.214430522918701172e+01
1.208993339538574219e+01
1.203562736511230469e+01
1.196987915039062500e+01
1.190422534942626953e+01
1.184127426147460938e+01
1.178100109100341797e+01
1.172080898284912109e+01
1.167226696014404297e+01
1.162376403808593750e+01
1.157710742950439453e+01
1.153229618072509766e+01
1.148750782012939453e+01
1.142699623107910156e+01
1.136656665802001953e+01
1.130813407897949219e+01
1.125166702270507812e+01
1.119526290893554688e+01
1.114989089965820312e+01
1.110454559326171875e+01
1.105415821075439453e+01
1.099874687194824219e+01
1.094338893890380859e+01
1.089033031463623047e+01
1.083841705322265625e+01
1.079043197631835938e+01
1.074490261077880859e+01
1.069940376281738281e+01
1.063988304138183594e+01
1.058034610748291016e+01
1.052962398529052734e+01
1.048767566680908203e+01
1.044575881958007812e+01
1.038848590850830078e+01
1.033129310607910156e+01
1.027632522583007812e+01
1.021661472320556641e+01
1.015705108642578125e+01
1.009755516052246094e+01
1.003820991516113281e+01
9.977902412414550781e+00
9.916628837585449219e+00
9.855518341064453125e+00
9.796049118041992188e+00
9.736735343933105469e+00
9.675194740295410156e+00
9.611446380615234375e+00
9.547895431518554688e+00
9.485382080078125000e+00
9.423069953918457031e+00
9.359457969665527344e+00
9.294569015502929688e+00
9.229887962341308594e+00
9.168620109558105469e+00
9.107538223266601562e+00
9.044214248657226562e+00
8.978515625000000000e+00
8.913867950439453125e+00
8.845820426940917969e+00
8.778003692626953125e+00
8.712017059326171875e+00
8.647848129272460938e+00
8.583891868591308594e+00
8.513512611389160156e+00
8.443384170532226562e+00
8.373185157775878906e+00
8.302906990051269531e+00
8.232879638671875000e+00
8.166886329650878906e+00
8.101124763488769531e+00
8.030639648437500000e+00
7.955451488494873047e+00
7.880551338195800781e+00
7.807548999786376953e+00
7.734829425811767578e+00
7.657236099243164062e+00
7.574820518493652344e+00
7.492734909057617188e+00
7.414668560028076172e+00
7.336905479431152344e+00
7.255285739898681641e+00
7.169957637786865234e+00
7.085001468658447266e+00
7.000887870788574219e+00
6.917134761810302734e+00
6.831541061401367188e+00
6.746967792510986328e+00
6.662690162658691406e+00
6.577908039093017578e+00
6.493434429168701172e+00
6.408626556396484375e+00
6.324223995208740234e+00
6.240113258361816406e+00
6.154871940612792969e+00
6.069927692413330078e+00
5.985826492309570312e+00
5.902540206909179688e+00
5.819536209106445312e+00
5.738433361053466797e+00
5.657613277435302734e+00
5.574813842773437500e+00
5.490054130554199219e+00
5.405591487884521484e+00
5.324888706207275391e+00
5.244462013244628906e+00
5.163396835327148438e+00
5.081683635711669922e+00
5.000247001647949219e+00
4.916038990020751953e+00
4.832113265991210938e+00
4.748664379119873047e+00
4.666079521179199219e+00
4.583748340606689453e+00
4.497629165649414062e+00
4.411786556243896484e+00
4.327676296234130859e+00
4.245275497436523438e+00
4.163141727447509766e+00
4.081073760986328125e+00
3.999274015426635742e+00
3.918926000595092773e+00
3.840007305145263672e+00
3.761350870132446289e+00
3.682453870773315430e+00
3.603830337524414062e+00
3.524680137634277344e+00
3.445017099380493164e+00
3.365627050399780273e+00
3.294073343276977539e+00
3.222757816314697266e+00
3.153095722198486328e+00
3.085078477859497070e+00
3.017303466796875000e+00
2.946297407150268555e+00
2.875542640686035156e+00
2.808410644531250000e+00
2.744778633117675781e+00
2.681370258331298828e+00
2.612993001937866211e+00
2.544866800308227539e+00
2.475241661071777344e+00
2.404114961624145508e+00
2.333256483078002930e+00
2.278388738632202148e+00
2.224208831787109375e+00
2.169100761413574219e+00
2.113061189651489258e+00
2.057210206985473633e+00
1.999014973640441895e+00
1.941024184226989746e+00
1.883368849754333496e+00
1.826015710830688477e+00
1.768831729888916016e+00
1.716732621192932129e+00
1.664813399314880371e+00
1.612409353256225586e+00
1.559532046318054199e+00
1.506855130195617676e+00
1.458589434623718262e+00
1.410498142242431641e+00
1.361698746681213379e+00
1.312253952026367188e+00
1.263019919395446777e+00
1.219570398330688477e+00
1.176275968551635742e+00
1.133910417556762695e+00
1.092465043067932129e+00
1.051171183586120605e+00
1.016219735145568848e+00
9.814541935920715332e-01
9.483540058135986328e-01
9.168550372123718262e-01
8.854666352272033691e-01
8.584550619125366211e-01
8.315407037734985352e-01
8.060435056686401367e-01
7.819588184356689453e-01
7.579587101936340332e-01
7.348188161849975586e-01
7.117587924003601074e-01
6.914091706275939941e-01
6.737550497055053711e-01
6.561645269393920898e-01
6.381942033767700195e-01
6.202877759933471680e-01
6.030254364013671875e-01
5.864053368568420410e-01
5.698433518409729004e-01
5.546263456344604492e-01
5.395394563674926758e-01
5.247436165809631348e-01
5.102296471595764160e-01
4.957650899887084961e-01
4.823632538318634033e-01
4.690073132514953613e-01
4.559967219829559326e-01
4.433145821094512939e-01
4.306693971157073975e-01
4.187415838241577148e-01
4.068570733070373535e-01
3.948345184326171875e-01
3.826761543750762939e-01
3.705616593360900879e-01
3.586727380752563477e-01
3.468421399593353271e-01
