0
0
0
0
0
0
0
0
0
0
1
1
3
0
0
0
2
2
4
5
0
1
0
2
0
1
0
1
0
1
1
0
0
2
1
1
1
2
5
5
5
4
9
6
10
13
12
15
9
15
18
14
19
29
24
30
32
51
37
42
38
45
33
59
49
47
40
49
50
61
43
55
59
65
49
50
49
54
52
43
40
44
31
33
38
31
30
32
28
33
24
39
23
28
18
23
29
25
32
18
34
19
27
30
27
23
17
29
19
24
17
14
15
24
31
28
22
16
26
30
25
23
33
41
38
33
48
27
53
34
24
46
33
29
31
35
37
51
40
34
32
36
28
34
30
21
30
27
31
33
36
29
29
23
33
23
26
16
29
20
30
21
29
22
22
26
36
21
28
15
26
16
21
22
20
11
28
23
28
21
24
35
26
21
17
18
15
15
15
16
29
21
16
22
14
16
15
18
16
20
27
14
19
17
21
20
20
18
19
18
21
14
19
32
18
22
24
22
17
12
13
19
17
18
13
18
17
18
13
20
10
13
16
11
19
16
14
24
12
11
15
14
15
18
11
20
9
12
16
18
17
14
14
17
19
20
15
21
11
13
12
15
24
12
13
13
19
11
18
14
15
19
12
19
13
18
12
14
14
19
9
13
10
16
9
11
11
14
8
9
14
12
11
22
15
9
10
11
7
5
15
19
9
7
10
8
15
12
8
10
13
15
8
8
14
11
7
7
9
6
8
11
15
9
11
9
10
10
8
15
7
7
13
9
10
10
9
13
18
12
8
4
5
13
12
9
6
12
7
13
10
7
13
11
8
8
6
6
12
8
10
8
8
9
6
7
12
3
6
11
9
8
6
3
8
12
7
13
8
7
7
6
9
14
8
10
4
8
8
8
6
6
7
3
10
7
6
7
6
5
4
1
13
9
5
10
6
4
4
6
12
4
5
4
9
3
10
7
6
4
9
6
4
8
9
10
1
7
7
5
3
8
9
3
5
4
5
4
6
9
5
4
7
8
5
1
12
7
12
9
7
8
4
8
9
8
9
11
10
4
14
9
6
5
10
5
4
1
7
2
4
5
4
6
2
3
3
5
4
6
3
2
6
0
4
5
3
4
2
7
6
5
1
3
2
1
3
4
5
0
8
2
3
3
2
2
4
4
6
5
3
4
3
0
3
4
2
4
0
0
4
6
4
1
3
2
2
3
5
7
1
0
3
2
5
1
3
1
3
1
5
6
8
5
2
1
2
5
2
3
2
4
1
4
2
4
3
1
2
2
1
3
5
3
3
2
1
6
1
2
1
1
4
0
2
3
0
5
2
2
2
1
1
0
3
0
3
2
3
2
2
4
0
2
4
1
1
1
1
3
2
4
2
2
5
4
2
1
2
3
0
2
1
2
4
5
2
2
2
1
1
6
3
0
3
2
1
2
0
1
3
1
2
1
1
2
2
1
2
2
2
0
3
0
2
4
0
1
3
0
1
2
3
2
0
0
3
3
2
2
2
0
0
2
0
4
2
1
2
3
1
0
1
0
0
2
0
1
0
4
2
0
0
1
0
1
0
0
1
1
1
1
0
3
1
0
0
2
0
0
0
2
1
1
1
3
1
1
0
2
1
2
1
1
1
0
1
1
0
1
0
1
0
0
0
1
0
1
0
0
2
0
0
0
1
1
0
1
0
1
1
1
0
1
0
0
0
1
0
2
1
0
0
1
1
0
1
1
1
0
1
2
1
0
1
0
0
1
0
0
0
0
1
0
1
0
0
3
0
1
0
0
0
0
0
0
1
1
1
0
0
0
0
1
0
0
2
0
0
1
0
2
0
0
0
0
0
0
0
2
2
0
1
1
0
1
0
0
1
1
0
1
0
0
1
1
0
1
0
1
1
0
0
0
0
0
0
0
0
1
0
0
1
0
0
0
0
0
1
1
0
1
1
0
0
0
0
0
1
0
0
0
1
2
0
0
0
0
0
0
0
0
0
0
1
0
0
0
0
1
0
0
0
0
0
0
0
0
0
0
0
1
0
1
0
0
0
0
0
0
0
0
0
0
0
0
2
0
0
1
0
0
0
0
1
0
0
1
0
0
1
0
1
0
0
0
0
0
0
0
1
0
0
0
0
0
0
0
0
0
0
1
0
0
0
0
0
0
0
0
0
1
0
0
0
0
0
0
1
0
0
0
0
0
0
0
0
0
0
0
1
0
0
0
0
0
0
0
0
0
0
0
0
0
1
0
0
0
0
0
0
0
0
1
0
0
0
0
0
0
0
0
0
0
0
0
0
0
0
0
0
0
0
0
0
0
0
0
0
0
1
0
0
5
